858627
858628
858629
858630
858631
858632
858633
858634
858635
858636
858637
858638
858639
858640
858641
858642
858643
858644
858645
858646
858647
858648
858649
858650
858651
858652
858653
858654
858655
858656
858657
858658
858659
858660
858661
858662
858663
858664
858665
858666
------
[66, 66, 12011201, 12011201, 12021202, 12021202, 12031203, 12031203, 12041204, 12041204, 12051205, 12051205, 12061206, 12061206, 12071207, 12071207, 12081208, 12081208, 12091209, 12091209, 12101210, 12101210, 12111211, 12111211, 12121212, 12121212, 12121212, 12131213, 12131213, 12141214, 12141214, 12151215, 12151215, 12161216, 12161216, 12171217, 12171217, 12181218, 12181218, 12191219, 12191219, 12201220, 12201220, 12211221, 12211221, 907907, 907907, 908908, 908908, 909090, 909909, 909909, 910910, 910910, 911911, 911911, 912912, 912912, 913913, 913913, 914914, 914914, 915915, 915915, 916916, 916916, 917917, 917917, 918918, 918918, 919191, 919919, 919919, 920920, 920920, 921921, 921921, 922922, 922922, 923923, 923923, 924924, 924924, 925925, 925925, 926926, 926926, 927927, 927927, 928928, 928928, 929292, 929929, 929929, 930930, 930930, 931931, 931931, 932932, 932932, 933933, 933933, 934934, 934934, 935935, 935935, 936936, 936936, 937937, 937937, 938938, 938938, 939393, 939939, 939939, 940940, 940940, 941941, 941941, 942942, 942942, 943943, 943943, 944944, 944944, 945945, 945945, 946946, 946946, 947947, 947947, 948948, 948948, 949494, 949949, 949949, 950950, 950950, 951951, 951951, 952952, 952952, 953953, 953953, 954954, 954954, 955955, 955955, 956956, 956956, 957957, 957957, 958958, 958958, 959595, 959959, 959959, 960960, 960960, 961961, 961961, 962962, 962962, 963963, 963963, 964964, 964964, 965965, 965965, 966966, 966966, 967967, 967967, 968968, 968968, 969696, 969969, 969969, 970970, 970970, 971971, 971971, 972972, 972972, 973973, 973973, 974974, 974974, 975975, 975975, 976976, 976976, 977977, 977977, 978978, 978978, 979797, 979979, 979979, 980980, 980980, 981981, 981981, 982982, 982982, 983983, 983983, 984984, 984984, 985985, 985985, 986986, 986986, 987987, 987987, 988988, 988988, 989898, 989989, 989989, 990990, 990990, 991991, 991991, 992992, 992992, 993993, 993993, 994994, 994994, 995995, 995995, 996996, 996996, 997997, 997997, 998998, 998998, 999999, 999999, 999999, 999999, 66666, 7676767676, 7676776767, 7676776767, 3333, 3333, 3333, 3434, 3434, 3535, 3535, 3636, 3636, 3737, 3737, 3838, 3838, 3939, 3939, 55, 55, 222, 75497549, 75497549, 75507550, 75507550, 75517551, 75517551, 75527552, 75527552, 75537553, 75537553, 75547554, 75547554, 75557555, 75557555, 75567556, 75567556, 75577557, 75577557, 75587558, 75587558, 75597559, 75597559, 75607560, 75607560, 75617561, 75617561, 75627562, 75627562, 75637563, 75637563, 99, 99, 111, 1515, 1515, 1616, 1616, 1717, 1717, 1818, 1818, 483483, 483483, 484484, 484484, 484848, 485485, 485485, 486486, 486486, 487487, 487487, 488488, 488488, 489489, 489489, 490490, 490490, 491491, 491491, 492492, 492492, 493493, 493493, 494494, 494494, 494949, 495495, 495495, 496496, 496496, 497497, 497497, 498498, 498498, 499499, 499499, 500500, 500500, 501501, 501501, 502502, 502502, 503503, 503503, 504504, 504504, 505050, 505505, 505505, 506506, 506506, 507507, 507507, 508508, 508508, 509509, 509509, 510510, 510510, 511511, 511511, 512512, 512512, 513513, 513513, 514514, 514514, 515151, 515515, 515515, 516516, 516516, 517517, 517517, 518518, 518518, 519519, 519519, 520520, 520520, 521521, 521521, 522522, 522522, 523523, 523523, 524524, 524524, 525252, 525525, 525525, 526526, 526526, 527527, 527527, 528528, 528528, 529529, 529529, 530530, 530530, 531531, 531531, 532532, 532532, 533533, 533533, 534534, 534534, 535353, 535535, 535535, 536536, 536536, 537537, 537537, 538538, 538538, 539539, 539539, 540540, 540540, 541541, 541541, 542542, 542542, 543543, 543543, 544544, 544544, 545454, 545545, 545545, 546546, 546546, 547547, 547547, 548548, 548548, 549549, 549549, 550550, 550550, 551551, 551551, 552552, 552552, 553553, 553553, 554554, 554554, 555555, 555555, 555555, 555555, 556556, 556556, 557557, 557557, 558558, 558558, 559559, 559559, 560560, 560560, 561561, 561561, 562562, 562562, 563563, 563563, 564564, 564564, 565565, 565565, 565656, 566566, 566566, 567567, 567567, 568568, 568568, 569569, 569569, 570570, 570570, 571571, 571571, 572572, 572572, 573573, 573573, 574574, 574574, 575575, 575575, 575757, 576576, 576576, 577577, 577577, 578578, 578578, 579579, 579579, 580580, 580580, 581581, 581581, 582582, 582582, 583583, 583583, 584584, 584584, 585585, 585585, 585858, 586586, 586586, 553553553, 646464, 646646, 646646, 647647, 647647, 648648, 648648, 649649, 649649, 650650, 650650, 651651, 651651, 652652, 652652, 653653, 653653, 654654, 654654, 655655, 655655, 656565, 656656, 656656, 657657, 657657, 658658, 658658, 659659, 659659, 660660, 660660, 661661, 661661, 662662, 662662, 663663, 663663, 664664, 664664, 665665, 665665, 666666, 666666, 666666, 666666, 667667, 667667, 668668, 668668, 669669, 669669, 670670, 670670, 671671, 671671, 672672, 672672, 673673, 673673, 674674, 674674, 675675, 675675, 676676, 676676, 676767, 677677, 677677, 678678, 678678, 679679, 679679, 680680, 680680, 681681, 681681, 682682, 682682, 683683, 683683, 684684, 684684, 685685, 685685, 686686, 686686, 686868, 687687, 687687, 688688, 688688, 689689, 689689, 690690, 690690, 691691, 691691, 692692, 692692, 693693, 693693, 694694, 694694, 695695, 695695, 696696, 696696, 696969, 697697, 697697, 698698, 698698, 699699, 699699, 700700, 700700, 701701, 701701, 702702, 702702, 703703, 703703, 704704, 704704, 705705, 705705, 706706, 706706, 707070, 707707, 707707, 708708, 708708, 709709, 709709, 710710, 710710, 711711, 711711, 712712, 712712, 713713, 713713, 714714, 714714, 715715, 715715, 716716, 716716, 717171, 717717, 717717, 718718, 718718, 719719, 719719, 720720, 720720, 721721, 721721, 47724772, 47724772, 47734773, 47734773, 47744774, 47744774, 47754775, 47754775, 47764776, 47764776, 47774777, 47774777, 47784778, 47784778, 47794779, 47794779, 47804780, 47804780, 47814781, 47814781, 153153, 153153, 154154, 154154, 155155, 155155, 156156, 156156, 157157, 157157, 158158, 158158, 159159, 159159, 160160, 160160, 161161, 161161, 161616, 162162, 162162, 163163, 163163, 164164, 164164, 165165, 165165, 166166, 166166, 167167, 167167, 168168, 168168, 169169, 169169, 170170, 170170, 171171, 171171, 171717, 172172, 172172, 173173, 173173, 174174, 174174, 175175, 175175, 176176, 176176, 177177, 177177, 178178, 178178, 179179, 179179, 180180, 180180, 181181, 181181, 181818, 182182, 182182, 183183, 183183, 184184, 184184, 185185, 185185, 186186, 186186, 187187, 187187, 188188, 188188, 189189, 189189, 190190, 190190, 191191, 191191, 191919, 192192, 192192, 9797897978, 9797897978, 9797979797, 9797997979, 9797997979, 9393, 9393, 9494, 9494, 9595, 9595, 9696, 9696, 9797, 9797, 9898, 9898, 9999, 9999, 9999, 11111, 879879, 879879, 880880, 880880, 881881, 881881, 882882, 882882, 883883, 883883, 884884, 884884, 885885, 885885, 886886, 886886, 887887, 887887, 888888, 888888, 888888, 888888, 889889, 889889, 890890, 890890, 891891, 891891, 892892, 892892, 893893, 893893, 894894, 894894, 895895, 895895, 896896, 896896, 897897, 897897, 898898, 898898, 898989, 899899, 899899, 900900, 900900, 901901, 901901, 902902, 902902, 903903, 903903, 4444444, 22, 22, 11, 11, 110110, 110110, 111111, 111111, 111111, 111111, 112112, 112112, 113113, 113113, 114114, 114114, 115115, 115115, 116116, 116116, 117117, 117117, 118118, 118118, 119119, 119119, 120120, 120120, 121121, 121121, 121212, 122122, 122122, 123123, 123123, 124124, 124124, 125125, 125125, 126126, 126126, 127127, 127127, 128128, 128128, 129129, 129129, 130130, 130130, 131131, 131131, 131313, 132132, 132132, 133133, 133133, 134134, 134134, 135135, 135135, 136136, 136136, 137137, 137137, 138138, 138138, 139139, 139139, 140140, 140140, 141141, 141141, 141414, 142142, 142142, 143143, 143143, 144144, 144144, 145145, 145145, 55555, 555, 2222, 2222, 2222, 2323, 2323, 2424, 2424, 2525, 2525, 2626, 2626, 2727, 2727, 2828, 2828, 7576575765, 7576575765, 7576675766, 7576675766, 4141, 4141, 4242, 4242, 4343, 4343, 4444, 4444, 4444, 4545, 4545, 4646, 4646, 4747, 4747, 4848, 4848, 4949, 4949, 44, 44, 67596759, 67596759, 67606760, 67606760, 67616761, 67616761, 67626762, 67626762, 67636763, 67636763, 67646764, 67646764, 67656765, 67656765, 67666766, 67666766, 67676767, 67676767, 67676767, 67686768, 67686768, 67696769, 67696769, 67706770, 67706770, 67716771, 67716771, 67726772, 67726772, 67736773, 67736773, 67746774, 67746774, 8541585415, 8541585415, 77, 77, 346346, 346346, 347347, 347347, 348348, 348348, 349349, 349349, 350350, 350350, 351351, 351351, 352352, 352352, 353353, 353353, 353535, 354354, 354354, 355355, 355355, 356356, 356356, 357357, 357357, 358358, 358358, 359359, 359359, 360360, 360360, 361361, 361361, 362362, 362362, 363363, 363363, 363636, 364364, 364364, 365365, 365365, 366366, 366366, 367367, 367367, 368368, 368368, 369369, 369369, 370370, 370370, 371371, 371371, 372372, 372372, 373373, 373373, 373737, 374374, 374374, 375375, 375375, 376376, 376376, 377377, 377377, 378378, 378378, 379379, 379379, 380380, 380380, 381381, 381381, 382382, 382382, 383383, 383383, 383838, 384384, 384384, 385385, 385385, 386386, 386386, 387387, 387387, 388388, 388388, 389389, 389389, 390390, 390390, 391391, 391391, 392392, 392392, 393393, 393393, 393939, 394394, 394394, 395395, 395395, 396396, 396396, 397397, 397397, 398398, 398398, 399399, 399399, 400400, 400400, 401401, 401401, 402402, 402402, 403403, 403403, 404040, 404404, 404404, 405405, 405405, 406406, 406406, 407407, 407407, 408408, 408408, 409409, 409409, 410410, 410410, 411411, 411411, 412412, 412412, 413413, 413413, 414141, 414414, 414414, 415415, 415415, 416416, 416416, 417417, 417417, 418418, 418418, 419419, 419419, 420420, 420420, 421421, 421421, 422422, 422422, 423423, 423423, 424242, 424424, 424424, 425425, 425425, 426426, 426426, 427427, 427427, 428428, 428428, 429429, 429429, 430430, 430430, 431431, 431431, 432432, 432432, 433433, 433433, 434343, 434434, 434434, 435435, 435435, 436436, 436436, 437437, 437437, 438438, 438438, 439439, 439439, 440440, 440440, 441441, 441441, 442442, 442442, 443443, 443443, 444444, 444444, 444444, 444444, 445445, 445445, 446446, 446446, 447447, 447447, 448448, 448448, 449449, 449449, 450450, 450450, 451451, 451451, 452452, 452452, 453453, 453453, 454454, 454454, 454545, 455455, 455455, 456456, 456456, 457457, 457457, 458458, 458458, 459459, 459459, 460460, 460460, 461461, 461461, 462462, 462462, 463463, 463463, 464464, 464464, 464646, 465465, 465465, 466466, 466466, 467467, 467467, 468468, 468468, 469469, 469469, 470470, 470470, 471471, 471471, 472472, 472472, 473473, 473473, 474474, 474474, 474747, 475475, 475475, 476476, 476476, 477477, 477477, 478478, 478478, 479479, 479479, 480480, 480480, 3358333583, 3358333583, 3358433584, 3358433584, 88888, 7979, 7979, 8080, 8080, 8181, 8181, 8282, 8282, 8383, 8383, 8484, 8484, 8585, 8585, 8686, 8686, 8787, 8787, 8888, 8888, 8888, 8989, 8989, 9090, 9090, 22222, 5656, 5656, 5757, 5757, 5858, 5858, 5959, 5959, 6060, 6060, 6161, 6161, 6262, 6262, 6363, 6363, 6464, 6464, 6565, 6565, 6666, 6666, 6666, 6767, 6767, 6868, 6868, 6969, 6969, 7070, 7070, 7171, 7171, 33333, 3232323232, 3232332323, 3232332323, 777, 205205, 205205, 206206, 206206, 207207, 207207, 208208, 208208, 209209, 209209, 210210, 210210, 211211, 211211, 212121, 212212, 212212, 213213, 213213, 214214, 214214, 215215, 215215, 216216, 216216, 217217, 217217, 218218, 218218, 219219, 219219, 220220, 220220, 221221, 221221, 222222, 222222, 222222, 222222, 223223, 223223, 224224, 224224, 225225, 225225, 226226, 226226, 227227, 227227, 228228, 228228, 229229, 229229, 230230, 230230, 231231, 231231, 232232, 232232, 232323, 233233, 233233, 234234, 234234, 235235, 235235, 236236, 236236, 237237, 237237, 238238, 238238, 239239, 239239, 240240, 240240, 241241, 241241, 242242, 242242, 242424, 888, 999, 1010, 1010, 1111, 1111, 1111, 790790, 790790, 791791, 791791, 792792, 792792, 793793, 793793, 794794, 794794, 795795, 795795, 796796, 796796, 797797, 797797, 797979, 798798, 798798, 799799, 799799, 800800, 800800, 801801, 801801, 802802, 802802, 803803, 803803, 804804, 804804, 805805, 805805, 806806, 806806, 807807, 807807, 808080, 808808, 808808, 809809, 809809, 810810, 810810, 811811, 811811, 812812, 812812, 813813, 813813, 814814, 814814, 815815, 815815, 816816, 816816, 817817, 817817, 818181, 818818, 818818, 819819, 819819, 820820, 820820, 821821, 821821, 822822, 822822, 823823, 823823, 824824, 824824, 825825, 825825, 826826, 826826, 827827, 827827, 828282, 828828, 828828, 829829, 829829, 830830, 830830, 831831, 831831, 832832, 832832, 833833, 833833, 834834, 834834, 835835, 835835, 836836, 836836, 837837, 837837, 838383, 838838, 838838, 839839, 839839, 840840, 840840, 841841, 841841, 842842, 842842, 843843, 843843, 844844, 844844, 845845, 845845, 846846, 846846, 847847, 847847, 848484, 848848, 848848, 849849, 849849, 850850, 850850, 851851, 851851, 852852, 852852, 853853, 853853, 854854, 854854, 855855, 855855, 856856, 856856, 857857, 857857, 858585]
85513235135
